-6.776531846007779691e+00 1.521963222545891270e+01 -6.728739333394853972e+00 1.491887707053694356e+01 7.318968584809599776e+00 1.544832671212373043e+02 -6.417916044041830359e-01 1.084382856922523564e+00 -7.530390745184968315e-01 7.875355089574475054e-01 -8.991840109933429304e+00 4.272085977178980087e+00 -8.470179687335599450e-01 3.100353748259483666e+01 2.345610996591963038e-01 2.008575221827243240e+02 -2.576182676646450176e+00 1.554731825212013163e+01 2.457465357790199050e+03 6.626665249595977002e+03 1.475595187561581952e+03 1.162246614848486388e+04 8.477187303309705602e-01 3.195667790386099227e+02 1.195630603396421465e+00 1.943836328455048715e+03 -6.991783182132819963e-02 1.377527018714568285e-01 -6.961643526715238783e-02 1.311873761430913943e-01 4.510347523808395931e-02 1.258179819555281354e+00 -7.711577068570179883e+00 7.890289190298356292e-01 -1.029282303607089166e-01 1.391598038604055787e-01 -7.711577068570179883e+00 7.890289190298356292e-01 -1.029282303607089166e-01 1.391598038604055787e-01 -1.663452629183468853e-02 2.377400840314785491e+00 0.000000000000000000e+00 0.000000000000000000e+00
3.968637410486481174e-72 1.455232237246782212e+01 5.570446674204772513e-21 1.497540690279433129e+01 1.950595474261233520e+01 1.556233324152619559e+02 1.447013738589426345e-185 1.829944575135963314e-01 3.982278026369550754e-175 7.792109502656136000e-01 1.596663631812855253e-179 5.799925538844600270e-01 9.881312916824930884e-324 1.897666984395766365e-01 9.909429685712743743e-13 1.936136111623608542e+02 5.045435407712812320e-02 7.777746913617336588e+01 2.684159680418803873e+03 8.631556939280977531e+03 1.147597986464256792e+04 1.563338195370539870e+04 9.775044325433716041e-01 3.191868945953379466e+02 1.199186967549907834e+00 1.439690328248766946e+03 1.632229143256519129e-74 1.149548320708686233e-01 1.756981286186167384e-23 1.326271041848841314e-01 4.715682548757325898e-02 1.276680950355472577e+00 0.000000000000000000e+00 2.661104427585203047e-01 0.000000000000000000e+00 4.718342394194102035e-02 0.000000000000000000e+00 2.661104427585203047e-01 0.000000000000000000e+00 4.718342394194102035e-02 0.000000000000000000e+00 7.931832882414112200e-05 0.000000000000000000e+00 0.000000000000000000e+00
1.478452304632622888e-85 1.435078493868669547e+01 5.604244667624832446e-12 1.503328144988846127e+01 2.159859839907289469e+01 1.572358055950770961e+02 3.918601879518398023e-164 2.063172122242080408e-01 6.793218311467343211e-79 1.091096240466343126e+00 4.461314770019840849e-134 5.752908002887748840e-01 1.127680298192305129e-304 1.935305593592690776e-01 2.832194596133909854e-19 1.087589941566565983e+02 3.791868908351115133e-04 6.535036211642749038e+01 2.686130940754520452e+03 8.897816236900387594e+03 1.147519402335013910e+04 1.547692560689446873e+04 3.043034022785665371e+00 3.188216779030398698e+02 1.205866978219892749e+00 1.313018233195171206e+03 6.351356810116827597e-88 1.090965308539641743e-01 1.732505393707982098e-14 1.333430761854339786e-01 5.109561016081908685e-02 1.300646469285127171e+00 0.000000000000000000e+00 9.948101978987415606e-02 0.000000000000000000e+00 1.764836078090693469e-02 0.000000000000000000e+00 9.948101978987415606e-02 0.000000000000000000e+00 1.764836078090693469e-02 0.000000000000000000e+00 7.533631374589495541e-03 0.000000000000000000e+00 0.000000000000000000e+00
-4.459512768338376176e+00 1.473548608268204596e+01 -4.524576118357538590e+00 1.487371639013032798e+01 3.229465835503896542e+00 1.558159635182364013e+02 -1.439296965906583792e-01 1.074938617874509061e-01 -8.559727954278298356e-02 2.502775011124578786e+00 -8.393620598708720237e+00 1.037496064008849039e+01 -1.565644365490256318e+00 5.551615596121335727e+01 2.286997775508967379e-01 1.944458464272740628e+02 -8.348129067029878003e-01 3.970112301578476721e-01 2.070599808860285975e+03 5.480267491399293249e+03 1.462185670319950304e+03 1.165851677331277460e+04 1.119186072648321595e+00 3.184265421582271642e+02 1.203610734372106084e+00 1.881905366606627240e+03 -1.042753522304645103e-02 1.184418590128230725e-01 -1.052494966981061021e-02 1.292455743651883815e-01 1.231252087317249132e-02 1.258093149680312717e+00 -4.744294186107397060e+00 4.089823726177622687e-01 -5.098167320622953337e-03 7.259887851903831790e-02 -4.744294186107397060e+00 4.089823726177622687e-01 -5.098167320622953337e-03 7.259887851903831790e-02 -1.668322699962002109e-02 2.332280192867260737e+00 0.000000000000000000e+00 0.000000000000000000e+00
2.749364700165100110e-50 1.487665458030796550e+01 3.591586088600837955e-19 1.500444207384806283e+01 1.988530080578782844e+01 1.574391996690722522e+02 1.056015909734793485e-149 1.101913528890360594e-01 2.005691498084978783e-146 7.743520357620647943e-01 4.010993835314736386e-130 5.913025040344297434e-01 1.901395227194623514e-294 1.995077087311052377e-01 2.978575232950617264e-10 1.827440129545134937e+02 3.981899647504778122e-02 4.612318968796382990e+01 2.690863205118493624e+03 8.561544794888310207e+03 1.147555579239904364e+04 1.560440730792857357e+04 1.601285893656722248e+00 3.180553634065755091e+02 1.211110106824793142e+00 1.566515794818082441e+03 1.060253390042187120e-52 1.204834910298734907e-01 1.126416313465713198e-21 1.324684306629909658e-01 4.787482201010969524e-02 1.286212686014345241e+00 0.000000000000000000e+00 5.350740767385397945e-01 0.000000000000000000e+00 9.503356127470585779e-02 0.000000000000000000e+00 5.350740767385397945e-01 0.000000000000000000e+00 9.503356127470585779e-02 0.000000000000000000e+00 4.504542618368537199e-03 0.000000000000000000e+00 0.000000000000000000e+00
3.185885872493272208e-56 1.475577178041155513e+01 9.616670214961288087e-23 1.495056795050784082e+01 1.910192828722315994e+01 1.574301532230171006e+02 2.587141591838151364e-130 1.973343862865567511e-01 7.592422384263273997e-122 7.691206483684895900e-01 2.754190534101053927e-80 5.903312140533840680e-01 3.739609623694107529e-214 2.029811469273044844e-01 8.716301868197010885e-17 9.981625224792415452e+01 1.361296059155054023e-04 5.645080560219446397e+01 2.693272973682086104e+03 9.147483495585582205e+03 1.147609326459874683e+04 1.546018273896096616e+04 5.128449484853939921e+00 3.176872611811913885e+02 1.212307193494480240e+00 1.190555907919757828e+03 1.249606501915766339e-58 1.186921183781686900e-01 3.049953158101235126e-25 1.313249027328124985e-01 4.651603311632381693e-02 1.280232696079949495e+00 0.000000000000000000e+00 4.492106085706518148e-01 0.000000000000000000e+00 7.982922680510672053e-02 0.000000000000000000e+00 4.492106085706518148e-01 0.000000000000000000e+00 7.982922680510672053e-02 0.000000000000000000e+00 1.161399881628314736e-02 0.000000000000000000e+00 0.000000000000000000e+00
1.424731257322729330e-66 1.463715874953939888e+01 6.807722981614155469e-10 1.510466768300500284e+01 2.208849131587210834e+01 1.596935876792338433e+02 3.195942509483064189e-202 1.054041686628274382e-01 1.889373017000321529e-172 7.981372987474953939e-01 1.718993885939147259e-192 5.743056683958572828e-01 -7.262764993866324199e-322 1.939689071277757582e-01 2.705783812003723629e-13 1.855009564127002193e+02 4.933974959773777119e-02 9.695033511799159953e+01 2.695105533096370891e+03 8.450165536794109357e+03 1.147478634847816284e+04 1.571904548923970651e+04 1.254198438795680826e+00 3.172825077138443817e+02 1.221333880600556698e+00 1.559963389837644854e+03 5.838700339776328491e-69 1.160366662011147881e-01 2.097216362942704544e-12 1.354286538162818854e-01 5.216099901124224281e-02 1.327463188858801102e+00 0.000000000000000000e+00 3.270662219076702071e-01 0.000000000000000000e+00 5.815398243542385659e-02 0.000000000000000000e+00 3.270662219076702071e-01 0.000000000000000000e+00 5.815398243542385659e-02 0.000000000000000000e+00 5.907458488579129391e-03 0.000000000000000000e+00 0.000000000000000000e+00
-5.434920487569114833e+00 1.647770375815903776e+01 -2.283725658083950449e+00 2.512536014539141860e+01 -1.994318661336347276e+00 2.470221005571211492e+02 -1.143878572089134932e-01 3.139147676374141049e+00 1.207739441105241118e+00 1.719850983281004346e+02 -7.636415557689235634e+00 8.219765578769607783e-01 -1.225878855036618420e+00 7.789298106568605817e+01 2.348620271605834642e-01 1.994810368031004657e+02 -8.247116510468407435e-01 3.960493894717991292e-01 1.765301323410230452e+03 4.614017712431728796e+03 1.474757004995715761e+03 1.155160069257753639e+04 8.537974076313036287e-01 3.169039075879755956e+02 1.304077079372490511e+00 2.544359834455408418e+03 -4.241686849650036506e-02 1.480244890178169515e-01 -2.450657328236826443e-02 2.036310236795741690e-01 -1.860671514449355884e-02 1.931227951683452071e+00 -5.874575123597594484e+00 1.408301286939770192e+00 -2.420644408737194359e-02 2.504388652502994028e-01 -5.874575123597594484e+00 1.408301286939770192e+00 -2.420644408737194359e-02 2.504388652502994028e-01 -3.925338560649219155e-02 4.284055688143979523e+00 0.000000000000000000e+00 0.000000000000000000e+00
2.144540568984359603e-57 1.493310807644760274e+01 8.812718581681554531e-01 8.178355128259088360e+02 2.161803643044085277e+01 1.563345590520407995e+03 1.659046342802086068e-260 5.398803447771126640e-01 1.436041662214383230e+00 3.249391396522244577e+03 7.751636823784903594e-296 5.934076276532508354e-01 -5.988075627595908115e-321 1.971237098590777892e-01 3.523532215992924777e-118 1.213981061758840809e+02 4.287325316518801888e-01 1.887956240525291378e+03 1.813677264332606285e+02 3.096486797739160465e+03 2.698622355033070107e+03 1.142503650117080724e+04 8.653131354088190008e+00 3.165546414814063496e+02 1.425889454208056240e+00 1.954609247325414981e+04 8.919923750430010534e-60 1.229823000999468036e-01 3.011844460988182589e-03 1.831044397602548202e+01 5.794130002811385960e-02 1.142420378223929234e+01 0.000000000000000000e+00 5.998591346895616461e-01 0.000000000000000000e+00 1.066653920579700016e-01 0.000000000000000000e+00 5.998591346895616461e-01 0.000000000000000000e+00 1.066653920579700016e-01 0.000000000000000000e+00 3.591848138937206274e-03 0.000000000000000000e+00 0.000000000000000000e+00
1.391605869592787881e-16 1.541830749498486952e+01 7.633129858532065534e-03 8.704778429610649937e+01 1.149776073497588769e+01 1.622275641713643154e+03 1.936251589761910766e-271 1.543586101153318346e-01 2.034558886136813183e-04 1.146448616747760298e+03 3.636241001765989482e-199 9.904218540154613448e-01 -1.037537856266617743e-322 1.940317225752563601e-01 1.460614071424757340e-175 4.232058115846675794e-01 4.404666051049858644e-01 6.234547277860742724e+02 1.820626704782998559e+03 3.635146627932505908e+03 1.009828222835226916e+04 1.171302489737443102e+04 1.916687835081769151e+02 3.161890923487285363e+02 1.274564509397557721e+00 1.113899632498947540e+04 5.478186476839670232e-19 1.370778387645617824e-01 2.352772095569854972e-05 2.389375062941758276e+00 8.204556388726272353e-02 3.692670154211716493e+01 0.000000000000000000e+00 1.017539274286938467e+00 0.000000000000000000e+00 1.811875388680937171e-01 0.000000000000000000e+00 1.017539274286938467e+00 0.000000000000000000e+00 1.811875388680937171e-01 -2.618547922958606684e-322 2.882827912115563766e-03 0.000000000000000000e+00 0.000000000000000000e+00
