2.902002517232765144e-01 1.031399970516157936e+02 3.088708042330011172e-01 1.125649976169795252e+02 2.364178625582653126e+01 5.774620318079573735e+02 5.616125992158297470e-02 1.343439494429013692e+01 1.108894684771209380e-02 5.043369066947898105e+00 4.002907722119609657e-01 6.912871031925514842e+01 1.750076397502074554e+00 3.655750707404434934e+02 3.633258260750155699e+01 1.523219360798685329e+03 1.085612997860437412e+00 2.061904611887678129e+02 4.479146393953852566e+03 9.605447466303319379e+04 4.270408961280983021e+03 1.586570112270886020e+05 1.177548371683553796e+01 2.546944166665243756e+03 1.031215249940167951e+03 3.754040948009457497e+04 2.194768591555946741e-03 6.771038396892060662e-01 2.050369120724815364e-03 6.732396931096396031e-01 2.198477946997674237e-01 8.149631102225530555e+00 7.210310218600900559e-03 1.194662826616660034e+01 2.100678987350457824e-03 7.720957470683920132e-01 7.210310218600900559e-03 1.194662826616660034e+01 2.100678987350457824e-03 7.720957470683920132e-01 5.059817081532016342e-02 1.377786271868858492e+01 0.000000000000000000e+00 0.000000000000000000e+00
7.957813307115482737e-02 5.566485332053124324e+01 3.056538109637563227e-01 1.081490233472466400e+02 2.544859466750772370e+01 5.465132244757605804e+02 1.984079495522182018e-03 1.105594460740824347e+00 6.622760550574230409e-03 3.955003911664050520e+00 6.792925968694392934e-03 3.717012950693768136e+00 8.934055977235704025e-04 6.792274273198452006e-01 1.479845048800333451e+01 2.334905522643161476e+03 7.092056726842351999e+00 8.295457179733786006e+02 5.704177853716205391e+03 1.225173400305888936e+05 1.366037415458651958e+04 8.351196713408494543e+04 8.108405071916003237e+01 4.032968093602533372e+03 7.699557393945145805e+02 2.892364181240461767e+04 4.353500696278674747e-04 3.382388081342549979e-01 2.069130288581580695e-03 6.494489238824113775e-01 2.392581503809232124e-01 9.009057433091681943e+00 3.735163099249589670e-04 5.617571080931332839e-01 6.215750699081468145e-05 9.424900526339068108e-02 3.735163099249589670e-04 5.617571080931332839e-01 6.215750699081468145e-05 9.424900526339068108e-02 8.932468490614601940e-08 1.544926141411378173e-04 0.000000000000000000e+00 0.000000000000000000e+00
7.408260653142798025e-02 5.301953471999063083e+01 3.967403407848617003e-01 1.154284957553501272e+02 2.922931486603853202e+01 5.380469370901089405e+02 1.971992933342381783e-03 1.194759828129192014e+00 1.162862547519938859e-02 6.600025493843013180e+00 5.395509945085637075e-03 3.287102395114277265e+00 5.364770935370624747e-04 5.497046694304669190e-01 3.659256432949856919e+00 1.139139605563795158e+03 4.419598845968407907e+00 7.208054409378571563e+02 5.904755102250860546e+03 1.270456072657842597e+05 1.353262108873255420e+04 8.156190787236946926e+04 1.471941685269459867e+02 4.633757807872560079e+03 6.512448958662963605e+02 2.808173539478816019e+04 4.056991904498350268e-04 3.233788931401469502e-01 3.034128137236922432e-03 7.839217131391864601e-01 2.807011990320183448e-01 1.126420105635326152e+01 1.276783688864540365e-04 1.818094989905363612e-01 2.123139199694756379e-05 3.079441130125714493e-02 1.276783688864540365e-04 1.818094989905363612e-01 2.123139199694756379e-05 3.079441130125714493e-02 6.443588046166444160e-06 1.241409146834214668e-02 0.000000000000000000e+00 0.000000000000000000e+00
7.533017284680351699e-02 5.888327584051309316e+01 2.446136438300469118e-01 1.020511035559204061e+02 2.250003513012510936e+01 5.740202986321870640e+02 1.232752808279222569e-03 7.612143359313189306e-01 2.773760709307176997e-01 3.133393651754184361e+01 3.484254890679770456e-01 1.104133977370669584e+02 2.065437699357662638e+00 5.091510581631426930e+02 3.634702039561509679e+01 1.456792146483025363e+03 1.145310380524030419e-02 4.157546658643641813e+00 3.993914473832144722e+03 7.300379080522782169e+04 2.889657651776010425e+03 1.660909229479839269e+05 1.368082464801796583e+01 2.720388670440613168e+03 1.010128301977805677e+03 3.686150739714860538e+04 4.362039690130491338e-04 3.507442420297922081e-01 1.526011719189678375e-03 5.792826351481997760e-01 2.086753445498343296e-01 7.664376356303142401e+00 -9.628927323619838191e-03 1.158022503465999442e+01 8.509525313621447485e-05 1.320077739242013493e-01 -9.628927323619838191e-03 1.158022503465999442e+01 8.509525313621447485e-05 1.320077739242013493e-01 5.456302558044974493e-02 1.377517695268124598e+01 0.000000000000000000e+00 0.000000000000000000e+00
8.742262418203959606e-02 5.835901456003206533e+01 3.183020155027650455e-01 1.092703273567810527e+02 2.611800563641574868e+01 5.462185795356352855e+02 1.265111623800774677e-03 6.560399231917590779e-01 7.467959783135567388e-03 4.056344988954017516e+00 1.069596405043767191e-02 4.756158458279127643e+00 1.805618885879649305e-03 1.012474180356347730e+00 1.775153161280747938e+01 2.233970924165392262e+03 4.456685825760581032e+00 5.142172504102600215e+02 5.686180673347607808e+03 1.210471993345363444e+05 1.361329226470501635e+04 8.306804992742869945e+04 7.690715216896818163e+01 4.454983622139937324e+03 8.254835250064123784e+02 3.140883094039324715e+04 4.819571084310649966e-04 3.530321077912562666e-01 2.202866041749112352e-03 6.673854354155904778e-01 2.464940579926681030e-01 9.386365812238819828e+00 7.150943153203722378e-04 1.035182821995888069e+00 1.194197329966538825e-04 1.748691549190704297e-01 7.150943153203722378e-04 1.035182821995888069e+00 1.194197329966538825e-04 1.748691549190704297e-01 8.440206085320377550e-06 9.499108697383937955e-03 0.000000000000000000e+00 0.000000000000000000e+00
8.516114851136455388e-02 5.788060232358641599e+01 2.929378673702625058e-01 1.063341844458025918e+02 2.484739180209302134e+01 5.552804934371640684e+02 2.210446788183138139e-03 1.224129199911643484e+00 6.115643858065225244e-03 3.760465979608652809e+00 7.481028038681858741e-03 4.035137687683140406e+00 8.710805180450040177e-04 7.213833590353608827e-01 5.681674741853332655e+00 1.314792638933162380e+03 4.215766512838735380e+00 6.977135190311771566e+02 5.997283962605570196e+03 1.318864087875090190e+05 1.351798960431928936e+04 8.013468420899438206e+04 1.444136558719513914e+02 4.644158433729291573e+03 5.787355980725819791e+02 2.419382317084170427e+04 4.673491886915630668e-04 3.499611915524651340e-01 1.944381726488106235e-03 6.300665854715454817e-01 2.327239876040951838e-01 8.687349375336419044e+00 6.543318036007801783e-04 8.523251305787127308e-01 1.088408859403748352e-04 1.442351071825565823e-01 6.543318036007801783e-04 8.523251305787127308e-01 1.088408859403748352e-04 1.442351071825565823e-01 1.229186224840695471e-05 2.073004240364844861e-02 0.000000000000000000e+00 0.000000000000000000e+00
8.205030958033848743e-02 5.656228390550988649e+01 4.583314666768028012e-01 1.222047909928720628e+02 3.031297833212008186e+01 5.499137446473561113e+02 9.318494533559896868e-04 5.883097410091880919e-01 6.849042051479634421e-03 4.262414970770118217e+00 5.714191261161787050e-03 3.412803901797917039e+00 6.812963130240931543e-04 6.160050952756834786e-01 8.388428684725845130e+00 1.772307738174323049e+03 1.021299178841628041e+01 1.184799100418626267e+03 5.622928699974248957e+03 1.185971242814061698e+05 1.369180311652840101e+04 8.478772357242838189e+04 9.301633804701904751e+01 3.815184919324578914e+03 8.229561107994098847e+02 3.132896967814555319e+04 4.489927086498753258e-04 3.426694326499587495e-01 3.641597019864306704e-03 8.817322175329157519e-01 2.926996631189408005e-01 1.197388380976431499e+01 4.579357424454024383e-04 6.131342444650514922e-01 7.650455283019424535e-05 1.039270690592809937e-01 4.579357424454024383e-04 6.131342444650514922e-01 7.650455283019424535e-05 1.039270690592809937e-01 5.491857462083078635e-06 9.988321717488431173e-03 0.000000000000000000e+00 0.000000000000000000e+00
2.619707119085384894e-01 1.026077218381805238e+02 8.167542814799457762e-01 2.512953520640128318e+02 1.541042179071475715e+01 1.593972642921574788e+03 4.841455457355077485e-02 2.181732468639395606e+01 3.622191395142609593e+01 1.655750732596140551e+03 2.677184146930839531e-02 2.540881030364690929e+01 2.252583923078808059e+00 5.968144249287939829e+02 3.692452154628973204e+01 1.505018700108316580e+03 7.899023205878439105e-03 4.111584179666838423e+00 3.369657148858892469e+03 5.639680653690954932e+04 2.662947085100628556e+03 1.489364585748205136e+05 1.155552986539601079e+01 2.521365818916574426e+03 1.449113446895716606e+03 4.690141748043659754e+04 2.368284796015795828e-03 8.981550839645019435e-01 6.511060651221407466e-03 1.931452351313751370e+00 1.275647106605957981e-01 9.287603554044796539e+00 -3.253839080767178225e-03 1.801090976659495269e+01 2.136765000696606506e-03 9.424508232901817051e-01 -3.253839080767178225e-03 1.801090976659495269e+01 2.136765000696606506e-03 9.424508232901817051e-01 8.487777300050484974e-02 2.250843620805521894e+01 0.000000000000000000e+00 0.000000000000000000e+00
1.042084400305624409e-01 6.654807981067952483e+01 6.622071698023165709e+01 1.121495286091849630e+04 8.226657275349982967e+01 1.175586261366910185e+04 7.583141768651108748e-03 3.820581040030381459e+00 1.654531494957124096e+02 3.781779586372798076e+04 7.438275059195489924e-03 3.993326050098632951e+00 1.307627029408859687e-03 8.929686854944414165e-01 1.268667250527060864e+00 7.212239042758787946e+02 3.268020488944943054e+02 2.530333542880834284e+04 2.224855831763141396e+03 4.675741869669064909e+04 3.401889432776642025e+03 1.098228928002115717e+05 1.763173336625090997e+02 3.101240752817617249e+03 1.382812276951703097e+04 3.120196050007588346e+05 5.580409342532909305e-04 3.893643293285120044e-01 6.808677849318043318e-01 1.408405717252265674e+02 6.971376591092414143e-01 7.131273708119329058e+01 1.728297747553741949e-03 1.502669523647270022e+00 2.826587843110852380e-04 2.521457172161927773e-01 1.728297747553741949e-03 1.502669523647270022e+00 2.826587843110852380e-04 2.521457172161927773e-01 9.393308617316308091e-06 8.600536679321698491e-03 0.000000000000000000e+00 0.000000000000000000e+00
1.491394601583954926e-01 6.921799732906137592e+01 5.302581236270765608e+00 8.479493590378202725e+02 1.357039763284263358e+02 1.504214810820737330e+04 1.776130571994208839e-03 9.896856174869307354e-01 5.277585535961676300e+01 1.175783650476295225e+04 1.786664960337933442e-02 8.640360005297964108e+00 9.321931709377900702e-04 7.217160101267413586e-01 6.494433946098545837e-03 3.206395469415299182e+00 9.711235369878646395e+01 7.125615907443057949e+03 2.831712770454640122e+03 3.084298965862608748e+04 1.096177030187111450e+04 2.485681907212667647e+04 2.029309330944689123e+02 1.725971327206239721e+03 5.994525696469096147e+03 2.401277545220025058e+05 1.070851520636283485e-03 4.344044442649174775e-01 7.079035547244277859e-02 1.356585478082035756e+01 1.651419241271481431e+00 2.387594244751192036e+02 3.900351715796982269e-03 2.457400936886616982e+00 6.451553361984792246e-04 4.116525779146560371e-01 3.900351715796982269e-03 2.457400936886616982e+00 6.451553361984792246e-04 4.116525779146560371e-01 3.512269536935381714e-06 5.726377296221859051e-03 0.000000000000000000e+00 0.000000000000000000e+00
