4.500000000000000000e+01 4.044562498871709977e+01 4.044562498871709977e+01 1.923914170726970383e+02 8.394531983779842221e+00 1.258668218112544110e+02
4.500000000000000000e+01 3.821606452396741105e+01 3.821606452396741105e+01 1.980810385875548150e+02 6.005474952094146168e+00 1.200142868888457883e+02
4.500000000000000000e+01 3.840629363307645150e+01 3.840629363307645150e+01 1.977780073933324445e+02 6.005474952094146168e+00 1.203867166324239122e+02
4.500000000000000000e+01 4.199019635705047904e+01 4.199019635705047904e+01 1.891024029006622698e+02 8.746242177447809851e+00 1.279587990327597282e+02
4.500000000000000000e+01 3.825116345307085197e+01 3.825116345307085197e+01 1.980244677749994651e+02 6.005516225259526664e+00 1.200846688923721928e+02
4.500000000000000000e+01 3.819650057717992553e+01 3.819650057717992553e+01 1.981078339547151472e+02 6.005611309798162267e+00 1.199638972387259486e+02
4.500000000000000000e+01 3.844797930490680216e+01 3.844797930490680216e+01 1.977175359412012483e+02 6.005502326636161570e+00 1.204688945432792195e+02
4.500000000000000000e+01 3.998788349167455891e+01 3.998788349167455891e+01 1.928544597376589991e+02 8.990831474041774740e+00 1.239047312263217435e+02
4.500000000000000000e+01 5.413437734361739473e+01 5.413437734361739473e+01 1.684618549981500450e+02 6.005529624535158817e+00 1.504375161425795966e+02
4.500000000000000000e+01 4.468020392707052935e+01 4.468020392707052935e+01 1.873763679770004558e+02 6.005502326340511843e+00 1.299137363399959781e+02
